start=394.016000
volume=93.000000
sub-visibility=no
