start=485.633000
volume=99.000000
fullscreen=yes
