start=568.334000
pause=yes
volume=125.000000
contrast=-1
