start=81.248000
pause=yes
volume=124.000000
sub-delay=-0.200000
