start=2663.566667
volume=130.000000
